0.009999728588359284
0.009998914383200486
0.009997557473810372
0.009995658008989348
0.009993216197035141
0.009990232305719944
0.009986706662261069
0.009982639653285047
0.009978031724785246
0.009972883382072953
0.009967195189721962
0.009960967771506665
0.009954201810333647
0.009946898048166793
0.009939057285945931
0.009930680383499
0.009921768259447747
0.00991232189110701
0.009902342314377524
0.00989183062363234
0.0098807879715968
0.009869215569222144
0.009857114685552698
0.009844486647586725
0.009831332840130888
0.009817654705648408
0.009803453744100868
0.009788731512783732
0.00977348962615557
0.009757729755661011
0.00974145362954745
0.009724663032675532
0.009707359806323416
0.009689545847984864
0.00967122311116115
0.009652393605146845
0.009633059394809474
0.009613222600363078
0.009592885397135707
0.009572050015330874
0.00955071873978299
0.009528893909706798
0.009506577918440859
0.009483773213185094
0.009460482294732422
0.009436707717194513
0.009412452087721712
0.009387718066217125
0.009362508365044939
0.009336825748732971
0.00931067303366952
0.009284053087794508
0.009256968830284977
0.009229423231234974
0.00920141931132985
0.009172960141514992
0.009144048842659082
0.009114688585211835
0.009084882588856343
0.00905463412215599
0.009023946502196017
0.008992823094219771
0.008961267311259668
0.008929282613762909
0.008896872509212006
0.008864040551740157
0.008830790341741479
0.008797125525476193
0.008763049794670776
0.008728566886113103
0.008693680581242685
0.008658394705735989
0.008622713129086893
0.008586639764182377
0.00855017856687341
0.00851333353554116
0.008476108710658514
0.00843850817434701
0.00840053604992917
0.008362196501476349
0.008323493733352076
0.008284431989751023
0.008245015554233555
0.008205248749256015
0.008165135935696696
0.008124681512377637
0.008083889915582234
0.008042765618568757
0.008001313131079798
0.007959536998847742
0.00791744180309626
0.007875032160037938
0.007832312720368047
0.007789288168754554
0.007745963223324384
0.007702342635146034
0.007658431187708555
0.0076142336963969945
0.007569755007964338
0.007525
0.007479973580394947
0.007434680686803491
0.007389126286101819
0.007343315373843315
0.007297252973710758
0.007250944136965392
0.007204393941893022
0.007157607493247109
0.007110589921688987
0.007063346383225211
0.007015882058642163
0.00696820215293791
0.006920311894751412
0.006872216535789157
0.006823921350249236
0.0067754316342429855
0.006726752705214193
0.006677889901355987
0.006628848581025446
0.006579634122155991
0.006530251921667629
0.006480707394875134
0.006431005974894185
0.006381153112045566
0.006331154273257479
0.0062810149414660316
0.006230740615013975
0.006180336807047746
0.006129809044912886
0.006079162869547909
0.006028403834876675
0.005977537507199338
0.005926569464581938
0.005875505296244706
0.005824350601949143
0.005773110991383937
0.0057217920835498075
0.0056703995061433065
0.005618938894939689
0.005567415893174886
0.005515836150926648
0.005464205324494962
0.005412529075781777
0.005360813071670102
0.005309062983402573
0.005257284485959539
0.005205483257436734
0.005153664978422619
0.0051018353313754174
0.0050500000000000015
0.004998164668624583
0.004946335021577384
0.004894516742563265
0.004842715514040462
0.004790937016597429
0.004739186928329899
0.0046874709242182245
0.0046357946755050386
0.004584163849073354
0.0045325841068251166
0.004481061105060311
0.004429600493856694
0.004378207916450195
0.004326889008616064
0.004275649398050859
0.004224494703755292
0.004173430535418064
0.0041224624928006635
0.004071596165123326
0.004020837130452091
0.0039701909550871155
0.003919663192952255
0.003869259384986026
0.00381898505853397
0.0037688457267425223
0.003718846887954437
0.003668994025105815
0.0036192926051248644
0.003569748078332371
0.0035203658778440107
0.0034711514189745543
0.0034221100986440134
0.0033732472947858084
0.003324568365757016
0.0032760786497507645
0.003227783464210845
0.003179688105248587
0.003131797847062091
0.003084117941357836
0.0030366536167747895
0.0029894100783110144
0.00294239250675289
0.00289560605810698
0.002849055863034611
0.002802747026289244
0.0027566846261566857
0.002710873713898183
0.0026653193131965093
0.0026200264196050527
0.0025749999999999996
0.002530244992035662
0.0024857663036030064
0.002441568812291447
0.002397657364853967
0.002354036776675618
0.0023107118312454466
0.0022676872796319547
0.0022249678399620643
0.0021825581969037388
0.0021404630011522597
0.002098686868920202
0.0020572343814312445
0.002016110084417768
0.001975318487622364
0.0019348640643033056
0.0018947512507439858
0.0018549844457664455
0.001815568010248979
0.0017765062666479227
0.0017378034985236525
0.0016994639500708297
0.001661491825652991
0.001623891289341487
0.0015866664644588401
0.0015498214331265902
0.0015133602358176246
0.001477286870913107
0.0014416052942640145
0.0014063194187573158
0.0013714331138868973
0.001336950205329225
0.0013028744745238064
0.00126920965825852
0.0012359594482598446
0.001203127490787994
0.0011707173862370935
0.0011387326887403338
0.0011071769057802282
0.0010760534978039838
0.00104536587784401
0.0010151174111436567
0.0009853114147881648
0.0009559511573409185
0.0009270398584850082
0.0008985806886701508
0.0008705767687650257
0.0008430311697150251
0.0008159469122054919
0.0007893269663304792
0.0007631742512670303
0.0007374916349550609
0.0007122819337828756
0.0006875479122782891
0.0006632922828054877
0.0006395177052675794
0.0006162267868149074
0.0005934220815591418
0.0005711060902932042
0.0005492812602170106
0.0005279499846691261
0.0005071146028642937
0.0004867773996369229
0.0004669406051905256
0.0004476063948531561
0.00042877688883885215
0.0004104541520151372
0.0003926401936765833
0.0003753369673244689
0.00035854637045255156
0.00034227024433898913
0.0003265103738444297
0.00031126848721626745
0.00029654625589913165
0.0002823452943515914
0.0002686671598691126
0.00025551335241327577
0.000242885314447302
0.00023078443077785617
0.00021921202840320065
0.00020816937636766175
0.00019765768562247766
0.00018767810889299132
0.00017823174055225376
0.00016931961650100026
0.00016094271405406757
0.00015310195183320773
0.00014579818966635406
0.00013903222849333542
0.0001328048102780377
0.00012711661792704775
0.0001219682752147544
0.00011736034671495311
0.00011329333773893335
0.00010976769428005628
0.00010678380296486045
0.00010434199101065134
0.0001024425261896289
0.00010108561679951444
0.00010027141164071552
0.00010000000000000009
